pos	whm-	whm+	delta	height	height_norm	avg	bgr	sig_to_noise
217	174	251	77	1.4533799533799499	0.5611638361638394	1.106237779314702	0.602231102231102	0.723551730415031
557	520	586	66	0.958041958041958	0.06582584082584753	0.8113925875119908	0.5178155178155175	0.3013324760786009
738	694	774	80	0.901931401931402	0.009715284715291483	0.7071033133533137	0.33658008658008653	0.3432760147947132
967	909	1013	104	1.1040626040626	0.21184648684648955	0.6899544899544896	-0.10381285381285399	0.9449018240885326
1218	1176	1319	143	0.335664335664336	-0.5565517815517744	0.008140008140008231	-0.5144855144855145	0.5548438325492187
1470	1448	1503	55	0.638861138861139	-0.25335497835497145	0.3636006850292565	-0.17632367632367596	0.5831924488196858
1635	1589	1704	115	0.6190476190476191	-0.2731684981684914	0.2983711690608242	-0.056110556110556	0.43210185056047207
1839	1807	1968	161	0.42357642357642405	-0.46863969363968644	0.1437605604272271	-0.4869297369297365	0.5349799219394489
2178	2074	2273	199	0.487512487512488	-0.4047036297036225	-0.04566100566100565	-0.6062271062271061	0.6249814343884644
2346	2306	2388	82	-0.146686646686647	-1.0389027639027575	-0.19113817908998634	-0.5955710955710956	0.37702383621751046
2511	2483	2589	106	0.5364635364635371	-0.35575258075257343	0.05806343189520765	-0.5213120213120215	0.6937607887029621
2750	2703	2772	69	-0.226440226440227	-1.1186563436563375	-0.20589172732029865	-0.406676656676657	0.2490864394537504
2871	2868	2926	58	-0.092074592074592	-0.9842907092907025	-0.09688616468277486	-0.264235764235764	0.19886713835258457
2937	2930	2977	47	-0.034132534132534	-0.9263486513486445	-0.05711649461649455	-0.2715617715617715	0.24624810986530057
3280	3255	3294	39	-0.0834165834165833	-0.9756327006326938	-0.1061438561438561	-0.356809856809857	0.27589145857270164
3411	3376	3470	94	0.44705294705294696	-0.44516317016316354	0.09657885973675454	-0.500666000666001	0.6658860299643852
3553	3528	3566	38	-0.23110223110223102	-1.1233183483183415	-0.15227080611695984	-0.361055611055611	0.27265736002343244
3662	3633	3699	66	-0.16550116550116598	-1.0577172827172765	-0.14461409237528647	-0.45462870462870447	0.31376002670520664
4072	3980	4157	177	16.5294705294705	15.637254412254391	8.058267575121517	-0.398185148185148	12.111305507101118
4341	4322	4386	64	0.0511155511155511	-0.8411005661005594	0.020182381720843284	-0.20271395271395304	0.18721262539579236
4551	4521	4567	46	0.373959373959374	-0.5182567432567364	0.17738998590062438	-0.10830835830835825	0.3161251475942226
4629	4623	4671	48	-0.18398268398268397	-1.0761988011987944	-0.035403372138066	-0.36113886113886096	0.46864666347448136
4781	4711	4834	123	-0.0477855477855479	-0.9400016650016584	-0.15408381940639995	-0.5489510489510485	0.4053930230552951
4985	4939	5009	70	0.43006993006992994	-0.46214618714618055	0.08884308180082838	-0.709040959040959	0.7413359356701298
5097	5046	5154	108	0.239094239094239	-0.6531218781218715	-0.04747393279503364	-0.8434898434898435	0.7749881658819497
5236	5178	5364	186	-0.495004995004995	-1.3872211122211056	-0.42946803641990794	-1.023559773559775	0.9370226185245084
5454	5434	5481	47	0.21045621045621	-0.6817599067599005	-0.09573412698412699	-0.8808691308691334	0.6875588862870534
5581	5565	5632	67	-0.43872793872793897	-1.3309440559440495	-0.7266116236704472	-1.1873959373959355	0.4439913099538613
5874	5731	6006	275	0.7708957708957709	-0.12132034632033961	0.12630063173541436	-1.064935064935063	0.9484440034712798
