pos	whm-	whm+	delta	height	height_norm	avg	bgr	sig_to_noise
39	9	81	72	1.5281194155366298	1.2662167560180775	1.0272032215468667	0.05220487753600349	3.048343172523431
457	331	510	179	1.02885525070956	0.7669525911910078	0.43024910356588086	-0.2314070219699355	2.401546995550945
778	738	813	75	-0.035898244507516	-0.29780090402606835	-0.11036455653482484	-0.2695916114790285	0.5546614857594646
885	863	911	48	0.0871439083359613	-0.17475875118259104	-0.002807650969564684	-0.20736097971197298	0.5313852347208828
1012	961	1046	85	0.080679070745296	-0.18122358877325634	0.022867422547847724	-0.1452223273415328	0.5830698827242683
1103	1073	1118	45	0.19294649427099803	-0.06895616524755432	0.06438957673481148	-0.10276726584673582	0.475144166258128
1293	1285	1333	48	0.0989961105855146	-0.16290654893303774	0.025470516178720044	-0.19732208556711853	0.6646211548912205
1509	1495	1509	14	-0.10979711973089398	-0.3716997792494463	-0.09350537860471628	-0.1774545358982445	0.31465217479376717
1610	1610	1654	44	-0.17097655839377698	-0.4328792179123293	-0.07465281427753827	-0.1954299379796065	0.6385979277723173
1790	1758	1794	36	-0.00289078103647622	-0.26479344055502857	0.03978268713368063	-0.07745979186376495	0.391968536371427
1923	1917	1963	46	0.0755019447072429	-0.18640071481130943	0.08539769766344378	-0.07010144013455269	0.508980907874463
2139	2115	2205	90	0.15762640597077698	-0.10427625354777537	0.037237938136708344	-0.17946494270997548	0.7604065391925463
2318	2282	2392	110	0.259303058971933	-0.0025996005466193406	0.09100207113452163	-0.1456953642384105	0.6759752234348967
2621	2596	2653	57	0.142935982339956	-0.11896667717859635	0.03078545873704596	-0.12312099232629	0.4606291967906353
2836	-1	-1	0	-0.142725743719121	-0.40462840323767335	-0.142725743719121	-0.10854882791968855	0.0
2979	2957	2996	39	0.36008619783454204	0.0981835383159897	0.24382161253022186	0.02823767476085361	0.6570006325296602
3250	3204	3261	57	0.251366551035425	-0.01053610848312736	0.16169252964183323	0.0163591926836962	0.3737792955950361
3502	3476	3539	63	0.100467780931357	-0.16143487858719535	0.02886305253337548	-0.0886024387680014	0.38230084877415355
3721	3647	3788	141	0.279354567434038	0.017451907915485676	0.09482964749497735	-0.17935982339955853	0.8077155311999595
3873	3825	3921	96	-0.0227320508777461	-0.28463471039629845	0.030491102246410606	-0.1575475664879638	0.9240575874522494
3996	3982	4024	42	0.0929254704089142	-0.16897718910963816	0.06269511244099271	-0.064819194786082	0.35471095043568274
4129	4104	4132	28	0.0450436245138233	-0.21685903500472906	-0.01660613244308142	-0.09531693472090816	0.28592247176843577
4334	4328	4388	60	-0.0301955219173762	-0.29209818143592853	0.06359675198563494	-0.10722169662567005	0.922228828846656
4480	-1	-1	0	-0.0738463155681699	-0.33574897508672225	-0.0738463155681699	-0.0389992641648268	0.0
4672	4661	4699	38	0.418847892357826	0.15694523283927364	0.27730743624783366	0.01073530957636913	0.8460354522454623
4942	4927	4953	26	0.258646063281825	-0.0032565962367273604	0.19222331234840442	0.05993114685167669	0.3985891556242064
5194	5172	5254	82	0.9024492799327241	0.6405466204141717	0.5918378654954096	0.1489277830337435	1.6897577862684496
5384	5347	5406	59	0.6220960790497211	0.36019341953116873	0.3603454921335718	-0.054110165037317526	1.2619347271031611
5698	5615	5744	129	0.8173551981499009	0.5554525386313485	0.5254890069459609	-0.026660885104592996	1.4037758880895679
5852	5765	5878	113	0.8225586040155579	0.5606559444970056	0.5854366416408938	0.083464732471355	1.2330212782094656
5988	5912	6052	140	0.915589193734889	0.6536865342163367	0.5900956362066692	-0.020419426048565153	1.4208026271950454
