pos	whm-	whm+	delta	height	height_norm	avg	bgr	sig_to_noise
129	67	234	167	1.26077586206897	0.10714439655173313	0.9494496613300495	0.25969827586206945	0.3810649195825355
460	362	517	155	3.51724137931034	2.363609913793103	2.2200002763041575	0.6131465517241386	1.494916231609984
633	621	638	17	1.55603448275862	0.4024030172413833	1.2898706896551742	0.9509698275862065	0.33979040435892566
743	672	800	128	1.42025862068966	0.2666271551724231	1.0990543972199953	0.3771551724137945	0.46201669547971624
1001	925	1032	107	0.8566810344827591	-0.2969504310344777	0.4740680874840359	-0.549568965517241	0.5916527515985367
1208	1145	1305	160	0.0743534482758623	-1.0792780172413745	-0.007857678303705068	-0.754849137931034	0.6866172157189945
1448	1339	1540	201	0.7866379310344829	-0.36699353448275396	0.1891217138955276	-0.6573275862068965	0.5415829880771955
1636	1590	1697	107	0.373922413793104	-0.7797090517241329	0.17783165708812287	-0.24407327586206898	0.333249085750666
1883	1821	1965	144	0.060344827586206996	-1.0932866379310298	0.109215219976219	-0.3259698275862068	0.3532966136349046
2111	2072	2170	98	0.613146551724138	-0.5404849137930988	0.2568029432253574	-0.4886853448275865	0.6173354160069705
2386	2352	2414	62	0.32543103448275895	-0.8282004310344779	0.2104885057471267	-0.16756465517241403	0.22137554249007885
2494	2478	2515	37	0.7112068965517241	-0.44242456896551274	0.5024954627949185	-0.09913793103448298	0.3401568925125349
2602	2584	2649	65	-0.18318965517241298	-1.3368211206896499	-0.1856387147335421	-0.7419181034482739	0.39769503336959877
2741	2690	2782	92	0.0829741379310345	-1.0706573275862024	-0.15301724137931014	-0.7112068965517239	0.45372642170341876
2866	2834	2947	113	0.203663793103448	-0.9499676724137889	-0.055495689655172244	-0.5727370689655175	0.42677951126657654
3277	3233	3290	57	-0.230603448275862	-1.3842349137930987	-0.16815918549346004	-0.5102370689655175	0.3986949527036929
3405	3331	3461	130	-0.0603448275862067	-1.2139762931034435	-0.0856393129770991	-0.3626077586206895	0.2445137402511739
3520	3499	3544	45	0.371767241379311	-0.7818642241379259	0.07903860569715158	-0.3863146551724136	0.42663299798650445
3682	3604	3706	102	1.05387931034483	-0.09975215517240676	0.48099054235018424	-0.5883620689655175	0.9388667413728528
3965	3886	4033	147	1.29310344827586	0.13947198275862327	0.3439174627213421	-0.8448275862068965	1.08873522779641
4158	4112	4213	101	-0.317887931034482	-1.4715193965517188	-0.22893424611223784	-0.7165948275862045	0.40830731563919703
4425	4373	4498	125	0.5334051724137929	-0.6202262931034439	0.25537937876299965	-0.40463362068965497	0.4367583327497262
4605	4584	4628	44	0.625	-0.5286314655172368	0.34427681992337184	-0.28663793103448254	0.393924528044766
4756	4722	4821	99	-0.206896551724138	-1.360528017241375	-0.19950431034482738	-0.5657327586206895	0.24392884349521413
5080	5014	5136	122	0.16056034482758702	-0.9930711206896499	-0.1522725679843003	-0.8647629310344824	0.5800057463010152
5428	5348	5517	169	1.2489224137931	0.09529094827586326	0.7240491886409748	-0.336206896551724	0.8326917192405285
5604	5552	5647	95	1.16487068965517	0.011239224137933101	0.7233297413793104	-0.003771551724137498	0.49375409743363313
5920	5760	5998	238	2.9127155172413794	1.7590840517241426	1.393197229836964	-0.7925646551724135	1.830876470249571
