pos	whm-	whm+	delta	height	height_norm	avg	bgr	sig_to_noise
118	31	133	102	1.26832504145937	0.8555754560530666	1.0384002318504568	0.5082918739635155	0.5101138045131781
263	211	300	89	2.4019900497512405	1.989240464344937	1.952747374239911	1.178275290215587	0.9529464296393141
449	367	575	208	6.19137645107794	5.778626865671637	3.9091226483213877	0.8454394693200651	4.906015091566854
735	699	788	89	0.47429519071310106	0.06154560530679759	0.2888704625023033	-0.05655058043117751	0.32653778933849925
956	917	1018	101	0.325373134328358	-0.08737645107794545	0.051712028094819895	-0.39751243781094503	0.5359787915644205
1217	1171	1257	86	0.280928689883914	-0.13182089552238946	0.012496902460875627	-0.38325041459369846	0.5145166272985785
1409	1331	1433	102	0.28192371475953604	-0.13082587064676743	0.05159316685182496	-0.2792703150912105	0.4089089085337585
1576	1555	1620	65	0.229187396351575	-0.18356218905472846	0.10758329564299707	-0.1935323383084575	0.3424667879596305
1698	1658	1708	50	-0.00232172470978453	-0.415071310116088	0.09243976197444143	-0.1232172470978443	0.3798700061536716
1922	1869	1981	112	0.0812603648424542	-0.3314892205638493	-0.05228430120782525	-0.41227197346600347	0.4445597107094015
2105	2039	2136	97	-0.133333333333333	-0.5460829187396364	0.015669949571868486	-0.2601990049751245	0.6129535448184049
2180	2179	2184	5	-0.0597014925373136	-0.47245107794361707	-0.06589275843007193	-0.111774461028192	0.09489719473266173
2500	2418	2596	178	0.697844112769486	0.2850945273631825	0.23062897801495313	-0.30116086235489203	0.8239999985553188
2740	2720	2770	50	0.394361525704809	-0.018388059701494486	0.144246089812376	-0.2386401326699835	0.5136027574344981
3019	3018	3061	43	-0.0444444444444445	-0.457194029850748	0.014646464646464536	-0.18739635157545648	0.40175024373089413
3222	3190	3235	45	0.43681592039801004	0.024066334991706573	0.14347826086956508	-0.26948590381426196	0.6800046469403508
3420	3391	3433	42	0.578441127694859	0.16569154228855554	0.27886921979251017	-0.246102819237148	0.6855076779905444
3580	3511	3605	94	0.49718076285240503	0.08443117744610157	0.25095574757789985	-0.18225538971807648	0.5333544250301798
3686	3658	3703	45	0.4152570480928689	0.0025074626865654315	0.21369961785276512	-0.15240464344941945	0.49481982428836385
3920	3855	3953	98	0.385406301824212	-0.027343283582091482	0.1934804094008073	-0.181426202321725	0.36715563386975886
4475	4422	4510	88	0.37247097844112703	-0.04027860696517643	0.09211992472096438	-0.296683250414594	0.5179513679814174
4598	4547	4610	63	0.48424543946932	0.07149585406301656	0.28694548092868993	-0.1111111111111112	0.41157439846995875
4764	4756	4782	26	0.453399668325041	0.04065008291873756	0.28433142927338606	-0.040132669983416545	0.3945850686083457
4951	4884	5001	117	0.419237147595356	0.006487562189052554	0.2085139275374537	-0.159369817578773	0.4477699954169184
5102	-1	-1	0	-0.220563847429519	-0.6333134328358225	-0.220563847429519	-0.09883913764510814	0.0
5243	5175	5306	131	-0.517412935323383	-0.9301625207296864	-0.11497562691592557	-0.7600331674958519	1.2670264571379615
5563	5512	5637	125	-0.0507462686567162	-0.4634958540630197	-0.15696385795888307	-1.0489220563847441	1.215467775145262
5740	5679	5755	76	-0.0650082918739638	-0.47775787728026725	0.4109280437638643	-0.276948590381427	1.2215516184013557
5822	5798	5856	58	0.8308457711442779	0.41809618573797447	0.5887905107232198	0.10049751243781095	0.5467664223522263
5967	5940	6003	63	1.50878938640133	1.0960398009950265	1.029208126036484	0.0061359867330017	1.398039330381475
