pos	whm-	whm+	delta	height	height_norm	avg	bgr	sig_to_noise
141	59	284	225	72.35428571428571	71.5446857142857	50.786396965866004	12.51428571428573	26.033293476696283
424	324	537	213	47.67428571428571	46.864685714285706	38.13530040053404	20.2942857142857	10.772619294529814
737	629	808	179	53.765714285714296	52.95611428571429	40.69669841269841	9.12571428571427	16.38737725738643
956	933	986	53	3.7885714285714305	2.9789714285714295	2.677989417989418	0.16000000000000048	1.3246687580705894
1181	1152	1209	57	1.52	0.710399999999999	0.9515270935960586	-0.11142857142857149	0.5494417146574159
1684	1650	1713	63	3.51428571428571	2.704685714285709	2.277232142857142	-0.26285714285714284	1.3951018214133215
1893	1875	1941	66	1.63428571428572	0.8246857142857189	0.9926652452025584	-0.0457142857142857	0.6105614352029561
2113	2111	2152	41	-0.2	-1.009600000000001	-0.07551020408163268	-0.23428571428571449	0.13072195006485973
2499	2476	2520	44	0.25714285714285695	-0.5524571428571441	0.02742857142857156	-0.431428571428571	0.215277814840917
2718	2691	2730	39	-0.125714285714286	-0.935314285714287	-0.230857142857143	-0.45714285714285696	0.09818337253387512
3432	3411	3448	37	0.21714285714285697	-0.592457142857144	0.024812030075188007	-0.3142857142857145	0.17261687220073868
3691	3632	3712	80	1.01142857142857	0.20182857142856903	0.5374955908289241	-0.22285714285714248	0.38193979109611037
4017	3940	4052	112	1.3542857142857099	0.5446857142857089	0.6037926675094816	-0.5142857142857145	0.6286048894255086
4434	4402	4462	60	-0.0457142857142856	-0.8553142857142866	-0.23119437939110077	-0.7314285714285715	0.28793147593070795
4607	4566	4632	66	0.588571428571429	-0.22102857142857202	0.19718550106609806	-0.5657142857142861	0.3753832383006005
4939	4712	5200	488	-0.154285714285714	-0.963885714285715	-0.3613911182450507	-1.0142857142857165	0.25525895537868476
5466	5432	5479	47	-0.36	-1.1696000000000009	-0.44404761904761925	-1.46	0.6416680120141334
5580	5555	5626	71	-0.525714285714285	-1.335314285714286	-0.7569047619047617	-1.21142857142857	0.2851608824719092
5877	5798	5985	187	41.1485714285714	40.3389714285714	23.184133738601798	-0.47714285714285953	13.533003886619488
